%frequency (hz)	magnitude (see note)	phase (rads). NOTE: Command units [mNm], response either [rads/s] or [rads] based on "Signal Selector"	%2/25/202212:04 PM
8.267416	0.005575	-2.171263
8.141718	0.005052	-2.106593
8.058136	0.006163	-2.003613
8.076614	0.005183	-1.983482
7.947125	0.005464	-2.039616
7.929446	0.005696	-2.069194
7.882570	0.006251	-1.998754
7.698048	0.006502	-2.145001
7.724868	0.004491	-2.126424
7.567362	0.006294	-1.902423
7.558888	0.006502	-2.426182
7.414907	0.010690	-2.076540
7.391322	0.012887	-2.396513
7.242929	0.012739	-1.240804
7.250699	0.010119	-0.928908
7.222887	0.011547	-0.962243
7.089404	0.011509	-0.959632
6.969663	0.010137	-1.024359
6.877398	0.008414	-0.878739
6.816055	0.005155	-0.532982
6.693618	0.004465	-0.668138
6.632306	0.003565	-1.552638
6.534161	0.003264	-0.646742
6.418439	0.000623	-0.870845
6.315424	0.004291	-1.401777
6.246459	0.006681	-0.901169
6.210730	0.003507	-1.044600
6.084710	0.002827	-1.490960
5.993650	0.008741	-0.959647
5.909367	0.032741	-2.013821
5.778862	0.043082	-1.012269
5.676233	0.034349	-0.170483
5.578804	0.024509	0.331055
5.504426	0.018275	0.503828
5.371534	0.014144	0.471560
5.250983	0.008360	0.584036
5.136508	0.006074	0.712212
5.021628	0.004007	0.700111
4.908469	0.001875	0.699927
4.767843	0.000612	-0.597510
4.624055	0.001486	-1.639282
4.498250	0.001981	-1.687009
4.368591	0.002466	-1.613832
4.221575	0.003191	-1.745848
4.111211	0.003809	-1.703885
3.976503	0.004231	-1.665695
3.835714	0.004671	-1.653396
3.695594	0.005001	-1.666975
3.548578	0.005739	-1.649913
3.402128	0.006481	-1.594939
