%frequency (hz)	magnitude (see note)	phase (rads). NOTE: Command units [mNm], response either [rads/s] or [rads] based on "Signal Selector"	%2/25/202212:13 PM
2.215723	0.013500	-1.466835
2.190121	0.014794	-1.449324
2.171011	0.014999	-1.439624
2.144617	0.015072	-1.449002
2.132264	0.015720	-1.437797
2.115086	0.015842	-1.448239
2.096344	0.016264	-1.442269
2.075310	0.016518	-1.399230
2.054729	0.016938	-1.428433
2.035541	0.017023	-1.409593
2.014380	0.016578	-1.442946
1.993189	0.017622	-1.396202
1.972204	0.018197	-1.420748
1.952428	0.018130	-1.400494
1.929382	0.018384	-1.380903
1.906356	0.019014	-1.401794
1.884423	0.020011	-1.379566
1.861061	0.020794	-1.384794
1.835428	0.021137	-1.374291
1.814042	0.021713	-1.381180
1.789991	0.022451	-1.369985
1.762577	0.021968	-1.342205
1.740587	0.023057	-1.368065
1.716365	0.024073	-1.361831
1.695708	0.025233	-1.366982
1.663095	0.026015	-1.360082
1.637154	0.027499	-1.337568
1.608028	0.028197	-1.345375
1.581820	0.029771	-1.320975
1.552385	0.031282	-1.337756
1.524920	0.030353	-1.332109
1.495611	0.033482	-1.284136
1.467966	0.037525	-1.284272
1.434997	0.039051	-1.224890
1.403962	0.042720	-1.243272
1.371782	0.044738	-1.207719
1.341115	0.050216	-1.317272
1.308151	0.068812	-1.296555
1.274160	0.112482	-1.152789
1.240425	0.148335	-1.408155
1.204513	0.207261	-0.193376
1.169059	0.127646	0.864897
1.133544	0.083774	1.228126
1.096419	0.055418	1.455559
1.058488	0.039473	1.533509
1.020082	0.030887	1.487441
0.980500	0.021270	1.555423
0.940419	0.015940	1.499435
0.898692	0.012410	1.546948
0.858204	0.009804	1.601189
0.000000	0.000000	0.000000
