%frequency (hz)	magnitude (see note)	phase (rads). NOTE: Command units [mNm], response either [rads/s] or [rads] based on "Signal Selector"	%2/25/202211:51 AM
8.070093	0.005241	-2.271688
7.997509	0.004379	-2.154269
7.909964	0.005613	-2.122058
7.787141	0.005109	-2.213523
7.778229	0.004776	-1.732376
7.582044	0.009056	-2.077642
7.507961	0.005241	-1.497627
7.367239	0.002666	-1.383460
7.174164	0.016674	-1.823911
7.105755	0.012658	-1.282230
6.953212	0.009685	-1.031533
6.881538	0.005447	-0.537868
6.732595	0.005415	-0.552279
6.623593	0.002417	-1.436967
6.520060	0.006102	-0.765507
6.362030	0.001037	0.111777
6.230101	0.006038	-2.720439
6.093124	0.011520	-2.093159
5.992613	0.022101	-2.411191
5.814528	0.043299	-1.026895
5.671289	0.029762	-0.060444
5.502580	0.022036	0.368594
5.383351	0.014680	0.280642
5.218708	0.007601	0.532457
5.070735	0.004763	0.548521
4.936402	0.001789	0.678812
4.736162	0.000638	-1.100722
4.589588	0.001793	-1.683632
4.426756	0.002561	-1.707155
4.234750	0.003059	-1.679347
4.076214	0.003691	-1.698594
3.894699	0.004450	-1.672077
3.726465	0.004691	-1.625135
3.542035	0.005357	-1.608924
3.362750	0.006449	-1.600843
3.169061	0.007126	-1.591374
2.972652	0.008157	-1.530905
2.778214	0.009010	-1.540383
2.584283	0.010374	-1.541414
2.373486	0.012267	-1.474642
2.167439	0.014290	-1.471731
1.952757	0.017173	-1.442383
1.738863	0.021999	-1.399251
1.516081	0.038633	-1.345410
1.290183	0.129946	-0.785909
1.060246	0.043345	1.621486
0.824106	0.007675	1.620052
0.582835	0.001962	-0.414750
0.336279	0.015179	-1.151618
0.083807	0.070020	-0.763879
0.000000	0.000000	0.000000
