%frequency (hz)	magnitude (see note)	phase (rads). NOTE: Command units [mNm], response either [rads/s] or [rads] based on "Signal Selector"	%2/25/202212:30 PM
1.627182	0.027370	-1.362850
1.606777	0.027855	-1.364506
1.587880	0.028689	-1.363259
1.565177	0.029488	-1.344803
1.544122	0.029846	-1.292315
1.523591	0.031674	-1.317369
1.500034	0.033181	-1.334901
1.478120	0.035977	-1.282369
1.453675	0.035652	-1.282885
1.432795	0.039055	-1.233305
1.409760	0.041054	-1.246601
1.385154	0.044086	-1.206404
1.360515	0.050488	-1.239235
1.335915	0.061065	-1.306479
1.311888	0.075872	-1.314958
1.285019	0.089987	-1.270818
1.259694	0.127560	-1.123702
1.234918	0.147065	-1.233424
1.207008	0.212366	-0.511916
1.179739	0.161311	0.660389
1.152107	0.097716	1.072044
1.124541	0.073630	1.324077
1.096031	0.053820	1.441867
1.067557	0.043060	1.484538
1.036820	0.034287	1.512415
1.005749	0.028201	1.525623
0.976329	0.021538	1.540901
0.946097	0.016427	1.511982
0.913907	0.013937	1.533339
0.882399	0.011075	1.583616
0.849277	0.008624	1.609686
0.815756	0.006553	1.607850
0.781321	0.004987	1.607557
0.746346	0.003552	1.548656
0.710687	0.002085	1.386243
0.674954	0.002081	-0.327406
0.637836	0.003795	0.199154
0.600243	0.002054	0.084987
0.561898	0.002443	-0.927066
0.522740	0.004618	-1.100717
0.483029	0.006806	-1.102939
0.442528	0.009109	-1.102556
0.400822	0.010646	-1.161773
0.358468	0.014334	-1.128763
0.315085	0.018318	-1.093806
0.270837	0.020192	-1.068545
0.225683	0.025797	-1.039531
0.179524	0.032435	-1.014810
0.132298	0.044334	-0.935048
0.083713	0.068803	-0.767130
0.000000	0.000000	0.000000
