%frequency (hz)	magnitude (see note)	phase (rads). NOTE: Command units [mNm], response either [rads/s] or [rads] based on "Signal Selector"	%2/25/202212:01 PM
5.447138	0.019337	0.551435
5.382322	0.015950	0.548538
5.291783	0.012688	0.552910
5.261781	0.009509	0.617608
5.176375	0.006437	0.815781
5.103719	0.006341	0.551754
5.021269	0.004243	0.962806
4.953995	0.002917	0.591467
4.863603	0.001590	0.479192
4.780675	0.000723	-0.201428
4.719965	0.000915	-1.290165
4.632823	0.001423	-1.594607
4.551508	0.001934	-1.658118
4.465633	0.002397	-1.650933
4.370276	0.002646	-1.722243
4.301831	0.003037	-1.724515
4.224756	0.003287	-1.744076
4.114046	0.003789	-1.671885
4.042437	0.004015	-1.623899
3.943680	0.004281	-1.695600
3.853659	0.004527	-1.667299
3.755062	0.005056	-1.608005
3.663240	0.005413	-1.680041
3.564863	0.005332	-1.670337
3.468645	0.006274	-1.651515
3.365509	0.006285	-1.653792
3.260239	0.006868	-1.624998
3.148889	0.007784	-1.614152
3.048568	0.007897	-1.563142
2.949170	0.008388	-1.550029
2.827090	0.009384	-1.584331
2.719534	0.009777	-1.561395
2.595767	0.010358	-1.513000
2.483302	0.011424	-1.528067
2.366892	0.012678	-1.525122
2.241167	0.013703	-1.475492
2.117080	0.015612	-1.455445
1.992103	0.017627	-1.412351
1.865579	0.020000	-1.407291
1.730542	0.023404	-1.375224
1.596244	0.028948	-1.371071
1.460080	0.027101	-1.122346
1.319711	0.115570	-2.018252
1.177122	0.124355	0.569397
1.031428	0.033565	1.543384
0.881233	0.011358	1.554289
0.729338	0.002509	1.490908
0.574154	0.002176	-0.673123
0.415734	0.009986	-1.138279
0.252164	0.022606	-1.064265
0.000000	0.000000	0.000000
